0.213690 0.427380 0.854760 0.641070 0.747915 0.854760 0.961605 1.068450 1.175295 1.282140 
0.370383 0.740766 1.214816 0.951119 1.016289 1.054786 1.066613 1.051767 1.010250 0.942062 
0.466286 0.932571 1.202815 1.026456 1.024039 1.005380 0.982975 0.969323 0.976921 1.018266 
0.538207 1.076414 1.034207 1.029811 0.993876 0.973636 0.974632 0.992368 1.012310 1.009888 
0.538356 1.076712 0.950547 1.010957 0.991482 0.989326 0.997742 1.006176 1.005771 0.994884 
0.521888 1.043776 0.925679 0.997860 0.997136 1.003528 1.007309 1.003937 0.996850 0.996702 
0.498394 0.996789 0.934107 0.988897 1.004022 1.011562 1.007208 0.997505 0.993798 1.002822 
0.477312 0.954624 0.969794 0.986139 1.008037 1.011333 1.001771 0.993644 0.996611 1.005662 
0.467633 0.935266 1.008829 0.988537 1.007877 1.006518 0.997254 0.994284 1.000440 1.004102 
0.466757 0.933514 1.038124 0.992619 1.005668 1.001616 0.995476 0.996860 1.002564 1.001275 
0.470576 0.941152 1.058150 0.996838 1.002864 0.997885 0.995629 0.999637 1.003060 0.998863 
0.477358 0.954715 1.071299 1.000926 0.999918 0.995302 0.996961 1.002056 1.002440 0.997277 
0.486688 0.973376 1.078255 1.004860 0.996988 0.993773 0.999063 1.003900 1.001066 0.996607 
0.498237 0.996475 1.078251 1.008464 0.994287 0.993317 1.001577 1.004966 0.999270 0.996871 
0.511073 1.022146 1.070480 1.011388 0.992136 0.993907 1.004051 1.005125 0.997460 0.997927 
0.523706 1.047413 1.055455 1.013302 0.990807 0.995329 1.006023 1.004442 0.996037 0.999439 
0.534693 1.069385 1.035229 1.014086 0.990382 0.997211 1.007208 1.003182 0.995243 1.000996 
0.543173 1.086346 1.012494 1.013861 0.990744 0.999177 1.007567 1.001678 0.995101 1.002285 
0.548961 1.097922 0.989558 1.012877 0.991674 1.000959 1.007237 1.000203 0.995486 1.003153 
0.552309 1.104619 0.967894 1.011396 0.992952 1.002425 1.006417 0.998921 0.996226 1.003585 
0.553638 1.107275 0.948207 1.009624 0.994410 1.003537 1.005290 0.997902 0.997165 1.003639 
0.553354 1.106709 0.930683 1.007698 0.995939 1.004314 1.003991 0.997158 0.998190 1.003393 
0.551783 1.103566 0.915243 1.005697 0.997476 1.004793 1.002613 0.996671 0.999226 1.002923 
0.549146 1.098292 0.901712 1.003663 0.998989 1.005012 1.001211 0.996415 1.000227 1.002288 
0.545578 1.091155 0.889919 1.001611 1.000466 1.005003 0.999821 0.996366 1.001164 1.001537 
0.541146 1.082292 0.879748 0.999546 1.001899 1.004790 0.998463 0.996503 1.002019 1.000706 
0.535877 1.071753 0.871161 0.997472 1.003284 1.004392 0.997157 0.996809 1.002777 0.999824 
0.529775 1.059550 0.864203 0.995393 1.004615 1.003821 0.995920 0.997269 1.003424 0.998922 
0.522847 1.045694 0.858985 0.993320 1.005880 1.003091 0.994772 0.997869 1.003947 0.998025 
0.515114 1.030228 0.855671 0.991273 1.007064 1.002217 0.993736 0.998591 1.004333 0.997165 
0.506631 1.013263 0.854443 0.989277 1.008148 1.001218 0.992836 0.999415 1.004570 0.996370 
0.497491 0.994982 0.855473 0.987366 1.009111 1.000119 0.992095 1.000313 1.004652 0.995671 
0.487828 0.975657 0.858888 0.985578 1.009930 0.998950 0.991533 1.001256 1.004577 0.995092 
0.477814 0.955627 0.864743 0.983951 1.010590 0.997746 0.991164 1.002211 1.004353 0.994656 
0.467643 0.935286 0.873003 0.982518 1.011076 0.996544 0.990994 1.003144 1.003991 0.994374 
0.457523 0.915046 0.883543 0.981308 1.011383 0.995377 0.991021 1.004023 1.003510 0.994253 
0.447655 0.895309 0.896152 0.980339 1.011511 0.994280 0.991234 1.004822 1.002934 0.994289 
0.438219 0.876437 0.910553 0.979620 1.011467 0.993279 0.991615 1.005520 1.002288 0.994471 
0.429366 0.858733 0.926430 0.979150 1.011265 0.992394 0.992142 1.006101 1.001599 0.994782 
0.421214 0.842427 0.943448 0.978921 1.010921 0.991640 0.992789 1.006558 1.000892 0.995202 
0.413839 0.827679 0.961279 0.978916 1.010455 0.991022 0.993529 1.006889 1.000188 0.995710 
0.407288 0.814576 0.979619 0.979116 1.009888 0.990543 0.994337 1.007096 0.999506 0.996283 
0.401575 0.803150 0.998197 0.979499 1.009239 0.990200 0.995189 1.007187 0.998860 0.996900 
0.396691 0.793382 1.016785 0.980041 1.008526 0.989984 0.996064 1.007170 0.998262 0.997542 
0.392609 0.785218 1.035193 0.980720 1.007767 0.989889 0.996944 1.007056 0.997720 0.998193 
0.389291 0.778581 1.053275 0.981514 1.006976 0.989903 0.997816 1.006856 0.997238 0.998839 
0.386690 0.773379 1.070919 0.982405 1.006166 0.990016 0.998667 1.006582 0.996817 0.999469 
0.384756 0.769512 1.088046 0.983374 1.005346 0.990218 0.999488 1.006245 0.996460 1.000074 
0.383440 0.766880 1.104603 0.984408 1.004524 0.990498 1.000274 1.005853 0.996165 1.000648 
0.382693 0.765387 1.120557 0.985494 1.003708 0.990847 1.001020 1.005417 0.995929 1.001186 
0.382470 0.764941 1.135892 0.986622 1.002901 0.991257 1.001722 1.004944 0.995751 1.001685 
0.382730 0.765460 1.150607 0.987783 1.002108 0.991720 1.002379 1.004441 0.995627 1.002143 
0.383436 0.766871 1.164706 0.988970 1.001332 0.992229 1.002989 1.003915 0.995555 1.002557 
0.384555 0.769110 1.178201 0.990178 1.000573 0.992779 1.003554 1.003370 0.995532 1.002929 
0.386061 0.772121 1.191108 0.991404 0.999834 0.993366 1.004072 1.002810 0.995554 1.003258 
0.387930 0.775859 1.203444 0.992643 0.999114 0.993983 1.004545 1.002241 0.995618 1.003543 
0.390143 0.780285 1.215226 0.993895 0.998416 0.994630 1.004972 1.001664 0.995722 1.003786 
0.392685 0.785370 1.226469 0.995156 0.997737 0.995301 1.005356 1.001082 0.995864 1.003988 
0.395544 0.791088 1.237188 0.996426 0.997080 0.995995 1.005696 1.000499 0.996041 1.004148 
0.398711 0.797422 1.247395 0.997704 0.996442 0.996709 1.005994 0.999916 0.996250 1.004269 
0.402180 0.804360 1.257097 0.998990 0.995826 0.997441 1.006249 0.999335 0.996491 1.004350 
0.405946 0.811891 1.266300 1.000283 0.995230 0.998191 1.006464 0.998757 0.996761 1.004392 
0.410006 0.820012 1.275005 1.001582 0.994654 0.998955 1.006638 0.998185 0.997058 1.004397 
0.414359 0.828719 1.283210 1.002888 0.994099 0.999732 1.006771 0.997620 0.997381 1.004364 
0.419005 0.838011 1.290907 1.004199 0.993565 1.000522 1.006865 0.997064 0.997728 1.004296 
0.423944 0.847888 1.298088 1.005515 0.993052 1.001322 1.006919 0.996518 0.998097 1.004192 
0.429176 0.858351 1.304739 1.006835 0.992560 1.002130 1.006934 0.995984 0.998487 1.004053 
0.434700 0.869400 1.310844 1.008159 0.992090 1.002946 1.006910 0.995464 0.998896 1.003881 
0.440517 0.881034 1.316382 1.009484 0.991644 1.003766 1.006847 0.994959 0.999322 1.003676 
0.446625 0.893250 1.321332 1.010809 0.991220 1.004590 1.006746 0.994471 0.999764 1.003439 
0.453022 0.906044 1.325671 1.012133 0.990821 1.005415 1.006607 0.994002 1.000219 1.003173 
0.459705 0.919409 1.329372 1.013452 0.990446 1.006238 1.006431 0.993554 1.000685 1.002877 
0.466667 0.933334 1.332410 1.014765 0.990098 1.007058 1.006218 0.993128 1.001161 1.002554 
0.473902 0.947804 1.334757 1.016069 0.989776 1.007871 1.005968 0.992726 1.001644 1.002205 
0.481401 0.962803 1.336388 1.017361 0.989482 1.008676 1.005684 0.992350 1.002131 1.001832 
0.489153 0.978307 1.337275 1.018638 0.989217 1.009468 1.005366 0.992002 1.002620 1.001438 
0.497146 0.994291 1.337396 1.019896 0.988981 1.010246 1.005015 0.991683 1.003110 1.001024 
0.505362 1.010725 1.336728 1.021132 0.988775 1.011007 1.004634 0.991395 1.003596 1.000592 
0.513787 1.027574 1.335252 1.022343 0.988600 1.011747 1.004223 0.991139 1.004077 1.000146 
0.522399 1.044799 1.332951 1.023524 0.988456 1.012464 1.003784 0.990916 1.004551 0.999689 
0.531179 1.062358 1.329814 1.024672 0.988344 1.013154 1.003320 0.990727 1.005014 0.999221 
0.540103 1.080207 1.325832 1.025783 0.988264 1.013816 1.002834 0.990574 1.005464 0.998747 
0.549148 1.098296 1.321001 1.026854 0.988216 1.014446 1.002326 0.990455 1.005898 0.998270 
0.558287 1.116574 1.315322 1.027882 0.988199 1.015042 1.001801 0.990372 1.006315 0.997791 
0.567495 1.134990 1.308800 1.028862 0.988214 1.015602 1.001260 0.990325 1.006713 0.997315 
0.576744 1.153489 1.301445 1.029793 0.988261 1.016124 1.000707 0.990314 1.007089 0.996843 
0.586008 1.172016 1.293273 1.030672 0.988338 1.016606 1.000144 0.990337 1.007442 0.996379 
0.595259 1.190517 1.284303 1.031495 0.988445 1.017047 0.999573 0.990396 1.007770 0.995924 
0.604469 1.208939 1.274559 1.032262 0.988581 1.017445 0.998999 0.990487 1.008072 0.995482 
0.613613 1.227227 1.264068 1.032970 0.988744 1.017799 0.998423 0.990612 1.008346 0.995055 
0.622665 1.245331 1.252862 1.033618 0.988934 1.018110 0.997848 0.990767 1.008592 0.994644 
0.631601 1.263202 1.240976 1.034205 0.989150 1.018376 0.997276 0.990953 1.008810 0.994252 
0.640396 1.280792 1.228447 1.034730 0.989389 1.018597 0.996711 0.991167 1.008998 0.993880 
0.649030 1.298059 1.215315 1.035193 0.989651 1.018774 0.996154 0.991407 1.009157 0.993530 
0.657481 1.314962 1.201621 1.035594 0.989933 1.018907 0.995608 0.991672 1.009286 0.993202 
0.665732 1.331464 1.187409 1.035934 0.990235 1.018996 0.995075 0.991960 1.009386 0.992899 
0.673765 1.347530 1.172720 1.036213 0.990555 1.019044 0.994555 0.992270 1.009457 0.992621 
0.681566 1.363132 1.157601 1.036431 0.990891 1.019050 0.994053 0.992598 1.009499 0.992368 
0.689122 1.378244 1.142093 1.036591 0.991241 1.019016 0.993567 0.992943 1.009514 0.992140 
0.696421 1.392842 1.126242 1.036692 0.991603 1.018943 0.993101 0.993304 1.009501 0.991939 
0.703454 1.406907 1.110090 1.036738 0.991977 1.018833 0.992654 0.993678 1.009463 0.991764 
0.710213 1.420425 1.093677 1.036730 0.992361 1.018687 0.992229 0.994063 1.009400 0.991615 
0.716692 1.433383 1.077046 1.036669 0.992753 1.018508 0.991825 0.994458 1.009313 0.991492 
0.722886 1.445773 1.060233 1.036558 0.993152 1.018296 0.991443 0.994861 1.009203 0.991394 
0.728793 1.457587 1.043277 1.036398 0.993556 1.018054 0.991084 0.995270 1.009071 0.991321 
0.734411 1.468822 1.026213 1.036192 0.993965 1.017783 0.990748 0.995684 1.008919 0.991272 
0.739739 1.479479 1.009073 1.035941 0.994376 1.017485 0.990436 0.996101 1.008748 0.991247 
0.744778 1.489557 0.991888 1.035649 0.994790 1.017162 0.990146 0.996519 1.008560 0.991244 
0.749530 1.499061 0.974688 1.035317 0.995204 1.016816 0.989880 0.996938 1.008354 0.991264 
0.753998 1.507995 0.957500 1.034947 0.995618 1.016448 0.989638 0.997356 1.008134 0.991304 
0.758183 1.516367 0.940348 1.034542 0.996031 1.016061 0.989418 0.997773 1.007899 0.991365 
0.762092 1.524184 0.923256 1.034103 0.996442 1.015654 0.989220 0.998186 1.007652 0.991445 
0.765728 1.531457 0.906243 1.033633 0.996850 1.015232 0.989045 0.998595 1.007393 0.991544 
0.769097 1.538194 0.889329 1.033133 0.997255 1.014793 0.988892 0.998999 1.007123 0.991659 
0.772204 1.544408 0.872530 1.032605 0.997656 1.014341 0.988760 0.999398 1.006843 0.991792 
0.775055 1.550109 0.855863 1.032052 0.998053 1.013877 0.988649 0.999790 1.006555 0.991939 
0.777656 1.555311 0.839340 1.031474 0.998445 1.013401 0.988558 1.000175 1.006260 0.992101 
0.780013 1.560026 0.822974 1.030875 0.998831 1.012916 0.988487 1.000553 1.005958 0.992277 
0.782133 1.564266 0.806774 1.030254 0.999212 1.012421 0.988436 1.000923 1.005650 0.992466 
0.784022 1.568044 0.790751 1.029614 0.999586 1.011919 0.988403 1.001285 1.005337 0.992666 
0.785687 1.571375 0.774911 1.028956 0.999954 1.011410 0.988388 1.001637 1.005021 0.992878 
0.787134 1.574269 0.759262 1.028281 1.000316 1.010895 0.988390 1.001981 1.004701 0.993099 
0.788370 1.576740 0.743809 1.027592 1.000671 1.010376 0.988409 1.002315 1.004378 0.993331 
0.789400 1.578801 0.728557 1.026887 1.001018 1.009852 0.988445 1.002640 1.004053 0.993570 
0.790232 1.580464 0.713508 1.026170 1.001359 1.009325 0.988496 1.002955 1.003727 0.993818 
0.790870 1.581740 0.698667 1.025441 1.001692 1.008796 0.988562 1.003260 1.003401 0.994073 
0.791321 1.582641 0.684034 1.024701 1.002018 1.008264 0.988643 1.003555 1.003073 0.994334 
0.791590 1.583180 0.669612 1.023950 1.002337 1.007731 0.988738 1.003840 1.002747 0.994602 
0.791682 1.583365 0.655401 1.023190 1.002648 1.007198 0.988846 1.004115 1.002420 0.994875 
0.791604 1.583208 0.641401 1.022421 1.002952 1.006664 0.988968 1.004380 1.002095 0.995152 
0.791359 1.582719 0.627613 1.021644 1.003248 1.006130 0.989101 1.004635 1.001771 0.995434 
0.790953 1.581907 0.614035 1.020859 1.003538 1.005597 0.989247 1.004879 1.001449 0.995720 
0.790390 1.580781 0.600666 1.020068 1.003819 1.005065 0.989404 1.005114 1.001130 0.996009 
0.789675 1.579349 0.587506 1.019271 1.004094 1.004534 0.989573 1.005338 1.000812 0.996301 
0.788810 1.577621 0.574554 1.018467 1.004361 1.004005 0.989752 1.005552 1.000498 0.996595 
0.787801 1.575603 0.561806 1.017659 1.004620 1.003477 0.989941 1.005756 1.000186 0.996892 
0.786651 1.573302 0.549261 1.016845 1.004873 1.002952 0.990140 1.005951 0.999878 0.997190 
0.785363 1.570726 0.536918 1.016026 1.005119 1.002430 0.990349 1.006135 0.999572 0.997489 
0.783940 1.567881 0.524775 1.015204 1.005357 1.001910 0.990567 1.006310 0.999271 0.997789 
0.782386 1.564772 0.512829 1.014377 1.005589 1.001392 0.990793 1.006475 0.998973 0.998090 
0.780703 1.561405 0.501077 1.013546 1.005813 1.000878 0.991029 1.006631 0.998680 0.998391 
0.778893 1.557785 0.489519 1.012712 1.006031 1.000367 0.991272 1.006777 0.998390 0.998692 
0.776959 1.553917 0.478152 1.011874 1.006242 0.999859 0.991523 1.006914 0.998105 0.998993 
0.774903 1.549805 0.466973 1.011033 1.006446 0.999355 0.991782 1.007041 0.997824 0.999294 
0.772726 1.545453 0.455982 1.010189 1.006644 0.998854 0.992048 1.007159 0.997547 0.999594 
0.770432 1.540864 0.445175 1.009342 1.006835 0.998357 0.992322 1.007269 0.997276 0.999892 
0.768021 1.536042 0.434551 1.008492 1.007020 0.997864 0.992602 1.007369 0.997008 1.000190 
0.765495 1.530990 0.424109 1.007640 1.007198 0.997374 0.992889 1.007460 0.996746 1.000486 
0.762855 1.525710 0.413847 1.006785 1.007371 0.996889 0.993183 1.007542 0.996489 1.000781 
0.760102 1.520205 0.403762 1.005927 1.007536 0.996407 0.993482 1.007616 0.996236 1.001074 
0.757238 1.514476 0.393855 1.005067 1.007696 0.995930 0.993788 1.007681 0.995989 1.001365 
0.754263 1.508526 0.384124 1.004205 1.007849 0.995456 0.994099 1.007738 0.995747 1.001653 
0.751178 1.502356 0.374568 1.003340 1.007997 0.994987 0.994417 1.007785 0.995510 1.001940 
0.747984 1.495967 0.365186 1.002473 1.008138 0.994522 0.994739 1.007825 0.995279 1.002224 
0.744681 1.489362 0.355978 1.001604 1.008273 0.994062 0.995067 1.007856 0.995052 1.002505 
0.741270 1.482539 0.346943 1.000732 1.008403 0.993606 0.995400 1.007879 0.994832 1.002783 
0.737751 1.475501 0.338080 0.999859 1.008526 0.993154 0.995739 1.007894 0.994617 1.003059 
0.734124 1.468248 0.329391 0.998983 1.008644 0.992707 0.996081 1.007900 0.994407 1.003331 
0.730390 1.460781 0.320874 0.998105 1.008755 0.992264 0.996429 1.007899 0.994203 1.003601 
0.726550 1.453099 0.312530 0.997225 1.008861 0.991826 0.996781 1.007889 0.994005 1.003866 
0.722602 1.445204 0.304360 0.996343 1.008961 0.991393 0.997138 1.007871 0.993812 1.004129 
0.718547 1.437095 0.296365 0.995459 1.009056 0.990965 0.997499 1.007846 0.993626 1.004387 
0.714386 1.428772 0.288545 0.994574 1.009144 0.990542 0.997863 1.007813 0.993445 1.004642 
0.710117 1.420235 0.280901 0.993686 1.009227 0.990123 0.998232 1.007772 0.993271 1.004893 
0.705742 1.411484 0.273435 0.992797 1.009305 0.989710 0.998605 1.007723 0.993102 1.005139 
0.701260 1.402519 0.266148 0.991905 1.009376 0.989301 0.998981 1.007666 0.992940 1.005382 
0.696670 1.393341 0.259041 0.991013 1.009442 0.988898 0.999361 1.007602 0.992783 1.005620 
0.691974 1.383948 0.252117 0.990118 1.009502 0.988500 0.999744 1.007531 0.992633 1.005853 
0.687170 1.374340 0.245378 0.989222 1.009557 0.988108 1.000130 1.007452 0.992489 1.006082 
0.682259 1.364518 0.238825 0.988325 1.009606 0.987721 1.000519 1.007365 0.992352 1.006306 
0.677240 1.354481 0.232461 0.987427 1.009649 0.987339 1.000912 1.007271 0.992221 1.006525 
0.672115 1.344229 0.226288 0.986527 1.009686 0.986964 1.001306 1.007170 0.992096 1.006739 
0.666881 1.333763 0.220310 0.985626 1.009718 0.986594 1.001704 1.007062 0.991978 1.006948 
0.661541 1.323081 0.214528 0.984724 1.009745 0.986230 1.002104 1.006946 0.991867 1.007152 
0.656092 1.312185 0.208945 0.983822 1.009765 0.985872 1.002506 1.006823 0.991762 1.007350 
0.650537 1.301074 0.203566 0.982918 1.009780 0.985520 1.002910 1.006693 0.991664 1.007542 
0.644874 1.289748 0.198392 0.982015 1.009790 0.985174 1.003316 1.006557 0.991573 1.007729 
0.639104 1.278209 0.193427 0.981111 1.009793 0.984834 1.003724 1.006413 0.991488 1.007910 
0.633228 1.266456 0.188675 0.980207 1.009792 0.984502 1.004133 1.006262 0.991411 1.008085 
0.627245 1.254490 0.184139 0.979303 1.009784 0.984175 1.004543 1.006105 0.991340 1.008254 
0.621156 1.242313 0.179822 0.978399 1.009771 0.983856 1.004955 1.005941 0.991276 1.008417 
0.614962 1.229924 0.175728 0.977495 1.009752 0.983543 1.005368 1.005771 0.991219 1.008574 
0.608662 1.217324 0.171860 0.976593 1.009728 0.983237 1.005781 1.005594 0.991170 1.008724 
0.602258 1.204516 0.168223 0.975691 1.009698 0.982938 1.006195 1.005411 0.991127 1.008867 
0.595750 1.191501 0.164820 0.974791 1.009662 0.982647 1.006609 1.005221 0.991091 1.009004 
0.589140 1.178279 0.161655 0.973891 1.009621 0.982363 1.007024 1.005025 0.991063 1.009134 
0.582427 1.164854 0.158732 0.972994 1.009574 0.982086 1.007438 1.004824 0.991042 1.009258 
0.575613 1.151226 0.156054 0.972099 1.009522 0.981817 1.007852 1.004616 0.991027 1.009374 
0.568699 1.137398 0.153626 0.971205 1.009464 0.981556 1.008265 1.004403 0.991020 1.009483 
0.561686 1.123372 0.151450 0.970315 1.009401 0.981302 1.008678 1.004184 0.991020 1.009586 
0.554576 1.109152 0.149532 0.969427 1.009332 0.981057 1.009089 1.003959 0.991028 1.009681 
0.547369 1.094739 0.147874 0.968542 1.009258 0.980820 1.009500 1.003729 0.991042 1.009768 
0.540068 1.080136 0.146480 0.967661 1.009178 0.980591 1.009909 1.003494 0.991064 1.009849 
0.532674 1.065348 0.145353 0.966783 1.009092 0.980370 1.010316 1.003253 0.991093 1.009922 
0.525188 1.050377 0.144498 0.965910 1.009002 0.980158 1.010721 1.003008 0.991129 1.009987 
0.517613 1.035227 0.143918 0.965041 1.008906 0.979954 1.011125 1.002758 0.991172 1.010045 
0.509951 1.019901 0.143615 0.964177 1.008805 0.979759 1.011525 1.002503 0.991222 1.010096 
0.502203 1.004405 0.143594 0.963318 1.008698 0.979573 1.011923 1.002244 0.991279 1.010139 
0.494371 0.988742 0.143856 0.962465 1.008587 0.979396 1.012319 1.001981 0.991344 1.010174 
0.486458 0.972916 0.144406 0.961617 1.008470 0.979228 1.012711 1.001714 0.991415 1.010201 
0.478467 0.956933 0.145246 0.960775 1.008348 0.979068 1.013099 1.001442 0.991493 1.010221 
0.470399 0.940798 0.146377 0.959941 1.008221 0.978918 1.013484 1.001167 0.991578 1.010233 
0.462257 0.924515 0.147804 0.959112 1.008089 0.978778 1.013866 1.000889 0.991669 1.010237 
0.454045 0.908090 0.149528 0.958292 1.007952 0.978646 1.014243 1.000607 0.991768 1.010234 
0.445764 0.891528 0.151551 0.957479 1.007811 0.978524 1.014616 1.000322 0.991873 1.010223 
0.437417 0.874835 0.153875 0.956674 1.007665 0.978412 1.014984 1.000034 0.991984 1.010204 
0.429009 0.858017 0.156502 0.955877 1.007514 0.978308 1.015347 0.999743 0.992102 1.010178 
0.420540 0.841081 0.159433 0.955089 1.007358 0.978215 1.015706 0.999450 0.992226 1.010144 
0.412016 0.824031 0.162669 0.954310 1.007198 0.978131 1.016059 0.999155 0.992357 1.010103 
0.403438 0.806876 0.166212 0.953540 1.007034 0.978056 1.016407 0.998857 0.992493 1.010054 
0.394810 0.789620 0.170063 0.952781 1.006865 0.977992 1.016749 0.998558 0.992636 1.009997 
0.386136 0.772272 0.174221 0.952031 1.006693 0.977936 1.017085 0.998257 0.992784 1.009933 
0.377419 0.754837 0.178687 0.951292 1.006516 0.977891 1.017415 0.997955 0.992938 1.009862 
0.368662 0.737323 0.183461 0.950564 1.006335 0.977855 1.017738 0.997651 0.993098 1.009784 
0.359869 0.719737 0.188543 0.949846 1.006151 0.977829 1.018055 0.997347 0.993263 1.009698 
0.351043 0.702086 0.193933 0.949141 1.005963 0.977812 1.018366 0.997042 0.993433 1.009605 
0.342188 0.684376 0.199630 0.948447 1.005771 0.977805 1.018670 0.996736 0.993609 1.009506 
0.333308 0.666616 0.205634 0.947765 1.005575 0.977808 1.018966 0.996430 0.993789 1.009399 
0.324406 0.648813 0.211942 0.947095 1.005377 0.977820 1.019255 0.996124 0.993975 1.009286 
0.315487 0.630973 0.218553 0.946438 1.005175 0.977841 1.019537 0.995818 0.994165 1.009166 
0.306553 0.613105 0.225467 0.945794 1.004970 0.977872 1.019812 0.995512 0.994359 1.009040 
0.297608 0.595216 0.232681 0.945164 1.004762 0.977912 1.020078 0.995207 0.994558 1.008907 
0.288657 0.577313 0.240192 0.944547 1.004551 0.977962 1.020337 0.994903 0.994761 1.008769 
0.279702 0.559405 0.248000 0.943943 1.004338 0.978021 1.020588 0.994600 0.994968 1.008624 
0.270749 0.541497 0.256100 0.943353 1.004122 0.978089 1.020831 0.994298 0.995179 1.008473 
0.261799 0.523599 0.264491 0.942778 1.003903 0.978166 1.021066 0.993998 0.995393 1.008317 
0.252858 0.505717 0.273168 0.942217 1.003683 0.978251 1.021292 0.993699 0.995611 1.008155 
0.243929 0.487858 0.282130 0.941671 1.003460 0.978346 1.021510 0.993402 0.995831 1.007987 
0.235015 0.470030 0.291372 0.941139 1.003235 0.978449 1.021720 0.993107 0.996055 1.007814 
0.226120 0.452241 0.300892 0.940622 1.003008 0.978561 1.021920 0.992815 0.996282 1.007637 
0.217248 0.434497 0.310684 0.940121 1.002779 0.978682 1.022113 0.992525 0.996512 1.007454 
0.208403 0.416805 0.320745 0.939634 1.002549 0.978810 1.022296 0.992237 0.996744 1.007266 
0.199587 0.399173 0.331071 0.939163 1.002318 0.978947 1.022471 0.991952 0.996978 1.007075 
0.190804 0.381607 0.341657 0.938708 1.002085 0.979092 1.022637 0.991670 0.997214 1.006878 
0.182057 0.364115 0.352499 0.938268 1.001851 0.979245 1.022794 0.991392 0.997453 1.006678 
0.173351 0.346702 0.363592 0.937844 1.001616 0.979405 1.022943 0.991117 0.997693 1.006473 
0.164688 0.329376 0.374931 0.937435 1.001380 0.979573 1.023082 0.990845 0.997934 1.006265 
0.156071 0.312143 0.386512 0.937043 1.001143 0.979748 1.023212 0.990576 0.998177 1.006053 
0.147504 0.295009 0.398329 0.936666 1.000906 0.979931 1.023334 0.990312 0.998421 1.005838 
0.138990 0.277980 0.410377 0.936306 1.000668 0.980121 1.023447 0.990051 0.998666 1.005620 
0.130531 0.261062 0.422650 0.935961 1.000430 0.980317 1.023550 0.989795 0.998912 1.005398 
0.122131 0.244261 0.435143 0.935633 1.000192 0.980521 1.023645 0.989543 0.999158 1.005174 
0.113792 0.227583 0.447851 0.935320 0.999953 0.980730 1.023731 0.989295 0.999405 1.004947 
0.105517 0.211033 0.460768 0.935023 0.999715 0.980947 1.023809 0.989051 0.999652 1.004718 
0.097309 0.194617 0.473888 0.934743 0.999476 0.981169 1.023877 0.988812 0.999899 1.004486 
0.089170 0.178339 0.487206 0.934478 0.999238 0.981397 1.023937 0.988578 1.000146 1.004253 
0.081102 0.162205 0.500715 0.934230 0.999000 0.981631 1.023988 0.988348 1.000393 1.004017 
0.073109 0.146219 0.514410 0.933997 0.998763 0.981871 1.024030 0.988123 1.000639 1.003780 
0.065193 0.130386 0.528285 0.933780 0.998527 0.982116 1.024064 0.987903 1.000885 1.003542 
0.057355 0.114710 0.542334 0.933579 0.998291 0.982367 1.024090 0.987688 1.001130 1.003302 
