0.213690 0.427380 0.854760 0.641070 0.747915 0.854760 0.961605 1.068450 1.175295 1.282140 
0.370383 0.740766 1.214816 0.951119 1.016289 1.054786 1.066613 1.051767 1.010250 0.942062 
0.466286 0.932571 1.202815 1.026456 1.024039 1.005380 0.982975 0.969323 0.976921 1.018266 
0.538207 1.076414 1.034207 1.029811 0.993876 0.973636 0.974632 0.992368 1.012310 1.009888 
0.538356 1.076712 0.950547 1.010957 0.991482 0.989326 0.997742 1.006176 1.005771 0.994884 
0.521888 1.043776 0.925679 0.997860 0.997136 1.003528 1.007309 1.003937 0.996850 0.996702 
0.498394 0.996789 0.934107 0.988897 1.004022 1.011562 1.007208 0.997505 0.993798 1.002822 
0.477312 0.954624 0.969794 0.986139 1.008037 1.011333 1.001771 0.993644 0.996611 1.005662 
0.467633 0.935266 1.008829 0.988537 1.007877 1.006518 0.997254 0.994284 1.000440 1.004102 
0.466757 0.933514 1.038124 0.992619 1.005668 1.001616 0.995476 0.996860 1.002564 1.001275 
0.470576 0.941152 1.058150 0.996838 1.002864 0.997885 0.995629 0.999637 1.003060 0.998863 
0.477358 0.954715 1.071299 1.000926 0.999918 0.995302 0.996961 1.002056 1.002440 0.997277 
0.486688 0.973376 1.078255 1.004860 0.996988 0.993773 0.999063 1.003900 1.001066 0.996607 
0.498237 0.996475 1.078251 1.008464 0.994287 0.993317 1.001577 1.004966 0.999270 0.996871 
0.511073 1.022146 1.070480 1.011388 0.992136 0.993907 1.004051 1.005125 0.997460 0.997927 
0.523706 1.047413 1.055455 1.013302 0.990807 0.995329 1.006023 1.004442 0.996037 0.999439 
0.534693 1.069385 1.035229 1.014086 0.990382 0.997211 1.007208 1.003182 0.995243 1.000996 
0.543173 1.086346 1.012494 1.013861 0.990744 0.999177 1.007567 1.001678 0.995101 1.002285 
0.548961 1.097922 0.989558 1.012877 0.991674 1.000959 1.007237 1.000203 0.995486 1.003153 
0.552309 1.104619 0.967894 1.011396 0.992952 1.002425 1.006417 0.998921 0.996226 1.003585 
0.553638 1.107275 0.948207 1.009624 0.994410 1.003537 1.005290 0.997902 0.997165 1.003639 
0.553354 1.106709 0.930683 1.007698 0.995939 1.004314 1.003991 0.997158 0.998190 1.003393 
0.551783 1.103566 0.915243 1.005697 0.997476 1.004793 1.002613 0.996671 0.999226 1.002923 
0.549146 1.098292 0.901712 1.003663 0.998989 1.005012 1.001211 0.996415 1.000227 1.002288 
0.545578 1.091155 0.889919 1.001611 1.000466 1.005003 0.999821 0.996366 1.001164 1.001537 
0.541146 1.082292 0.879748 0.999546 1.001899 1.004790 0.998463 0.996503 1.002019 1.000706 
0.535877 1.071753 0.871161 0.997472 1.003284 1.004392 0.997157 0.996809 1.002777 0.999824 
0.529775 1.059550 0.864203 0.995393 1.004615 1.003821 0.995920 0.997269 1.003424 0.998922 
0.522847 1.045694 0.858985 0.993320 1.005880 1.003091 0.994772 0.997869 1.003947 0.998025 
0.515114 1.030228 0.855671 0.991273 1.007064 1.002217 0.993736 0.998591 1.004333 0.997165 
0.506631 1.013263 0.854443 0.989277 1.008148 1.001218 0.992836 0.999415 1.004570 0.996370 
0.497491 0.994982 0.855473 0.987366 1.009111 1.000119 0.992095 1.000313 1.004652 0.995671 
0.487828 0.975657 0.858888 0.985578 1.009930 0.998950 0.991533 1.001256 1.004577 0.995092 
0.477814 0.955627 0.864743 0.983951 1.010590 0.997746 0.991164 1.002211 1.004353 0.994656 
0.467643 0.935286 0.873003 0.982518 1.011076 0.996544 0.990994 1.003144 1.003991 0.994374 
0.457523 0.915046 0.883543 0.981308 1.011383 0.995377 0.991021 1.004023 1.003510 0.994253 
0.447655 0.895309 0.896152 0.980339 1.011511 0.994280 0.991234 1.004822 1.002934 0.994289 
0.438219 0.876437 0.910553 0.979620 1.011467 0.993279 0.991615 1.005520 1.002288 0.994471 
0.429366 0.858733 0.926430 0.979150 1.011265 0.992394 0.992142 1.006101 1.001599 0.994782 
0.421214 0.842427 0.943448 0.978921 1.010921 0.991640 0.992789 1.006558 1.000892 0.995202 
0.413839 0.827679 0.961279 0.978916 1.010455 0.991022 0.993529 1.006889 1.000188 0.995710 
0.407288 0.814576 0.979619 0.979116 1.009888 0.990543 0.994337 1.007096 0.999506 0.996283 
0.401575 0.803150 0.998197 0.979499 1.009239 0.990200 0.995189 1.007187 0.998860 0.996900 
0.396691 0.793382 1.016785 0.980041 1.008526 0.989984 0.996064 1.007170 0.998262 0.997542 
0.392609 0.785218 1.035193 0.980720 1.007767 0.989889 0.996944 1.007056 0.997720 0.998193 
0.389291 0.778581 1.053275 0.981514 1.006976 0.989903 0.997816 1.006856 0.997238 0.998839 
0.386690 0.773379 1.070919 0.982405 1.006166 0.990016 0.998667 1.006582 0.996817 0.999469 
0.384756 0.769512 1.088046 0.983374 1.005346 0.990218 0.999488 1.006245 0.996460 1.000074 
0.383440 0.766880 1.104603 0.984408 1.004524 0.990498 1.000274 1.005853 0.996165 1.000648 
0.382693 0.765387 1.120557 0.985494 1.003708 0.990847 1.001020 1.005417 0.995929 1.001186 
0.382470 0.764941 1.135892 0.986622 1.002901 0.991257 1.001722 1.004944 0.995751 1.001685 
0.382730 0.765460 1.150607 0.987783 1.002108 0.991720 1.002379 1.004441 0.995627 1.002143 
0.383436 0.766871 1.164706 0.988970 1.001332 0.992229 1.002989 1.003915 0.995555 1.002557 
0.384555 0.769110 1.178201 0.990178 1.000573 0.992779 1.003554 1.003370 0.995532 1.002929 
0.386061 0.772121 1.191108 0.991404 0.999834 0.993366 1.004072 1.002810 0.995554 1.003258 
0.387930 0.775859 1.203444 0.992643 0.999114 0.993983 1.004545 1.002241 0.995618 1.003543 
0.390143 0.780285 1.215226 0.993895 0.998416 0.994630 1.004972 1.001664 0.995722 1.003786 
0.392685 0.785370 1.226469 0.995156 0.997737 0.995301 1.005356 1.001082 0.995864 1.003988 
0.395544 0.791088 1.237188 0.996426 0.997080 0.995995 1.005696 1.000499 0.996041 1.004148 
0.398711 0.797422 1.247395 0.997704 0.996442 0.996709 1.005994 0.999916 0.996250 1.004269 
0.402180 0.804360 1.257097 0.998990 0.995826 0.997441 1.006249 0.999335 0.996491 1.004350 
0.405946 0.811891 1.266300 1.000283 0.995230 0.998191 1.006464 0.998757 0.996761 1.004392 
0.410006 0.820012 1.275005 1.001582 0.994654 0.998955 1.006638 0.998185 0.997058 1.004397 
0.414359 0.828719 1.283210 1.002888 0.994099 0.999732 1.006771 0.997620 0.997381 1.004364 
0.419005 0.838011 1.290907 1.004199 0.993565 1.000522 1.006865 0.997064 0.997728 1.004296 
0.423944 0.847888 1.298088 1.005515 0.993052 1.001322 1.006919 0.996518 0.998097 1.004192 
0.429176 0.858351 1.304739 1.006835 0.992560 1.002130 1.006934 0.995984 0.998487 1.004053 
0.434700 0.869400 1.310844 1.008159 0.992090 1.002946 1.006910 0.995464 0.998896 1.003881 
0.440517 0.881034 1.316382 1.009484 0.991644 1.003766 1.006847 0.994959 0.999322 1.003676 
0.446625 0.893250 1.321332 1.010809 0.991220 1.004590 1.006746 0.994471 0.999764 1.003439 
0.453022 0.906044 1.325671 1.012133 0.990821 1.005415 1.006607 0.994002 1.000219 1.003173 
0.459705 0.919409 1.329372 1.013452 0.990446 1.006238 1.006431 0.993554 1.000685 1.002877 
0.466667 0.933334 1.332410 1.014765 0.990098 1.007058 1.006218 0.993128 1.001161 1.002554 
0.473902 0.947804 1.334757 1.016069 0.989776 1.007871 1.005968 0.992726 1.001644 1.002205 
0.481401 0.962803 1.336388 1.017361 0.989482 1.008676 1.005684 0.992350 1.002131 1.001832 
0.489153 0.978307 1.337275 1.018638 0.989217 1.009468 1.005366 0.992002 1.002620 1.001438 
0.497146 0.994291 1.337396 1.019896 0.988981 1.010246 1.005015 0.991683 1.003110 1.001024 
0.505362 1.010725 1.336728 1.021132 0.988775 1.011007 1.004634 0.991395 1.003596 1.000592 
0.513787 1.027574 1.335252 1.022343 0.988600 1.011747 1.004223 0.991139 1.004077 1.000146 
0.522399 1.044799 1.332951 1.023524 0.988456 1.012464 1.003784 0.990916 1.004551 0.999689 
0.531179 1.062358 1.329814 1.024672 0.988344 1.013154 1.003320 0.990727 1.005014 0.999221 
0.540103 1.080207 1.325832 1.025783 0.988264 1.013816 1.002834 0.990574 1.005464 0.998747 
0.549148 1.098296 1.321001 1.026854 0.988216 1.014446 1.002326 0.990455 1.005898 0.998270 
0.558287 1.116574 1.315322 1.027882 0.988199 1.015042 1.001801 0.990372 1.006315 0.997791 
0.567495 1.134990 1.308800 1.028862 0.988214 1.015602 1.001260 0.990325 1.006713 0.997315 
0.576744 1.153489 1.301445 1.029793 0.988261 1.016124 1.000707 0.990314 1.007089 0.996843 
0.586008 1.172016 1.293273 1.030672 0.988338 1.016606 1.000144 0.990337 1.007442 0.996379 
0.595259 1.190517 1.284303 1.031495 0.988445 1.017047 0.999573 0.990396 1.007770 0.995924 
0.604469 1.208939 1.274559 1.032262 0.988581 1.017445 0.998999 0.990487 1.008072 0.995482 
0.613613 1.227227 1.264068 1.032970 0.988744 1.017799 0.998423 0.990612 1.008346 0.995055 
0.622665 1.245331 1.252862 1.033618 0.988934 1.018110 0.997848 0.990767 1.008592 0.994644 
0.631601 1.263202 1.240976 1.034205 0.989150 1.018376 0.997276 0.990953 1.008810 0.994252 
0.640396 1.280792 1.228447 1.034730 0.989389 1.018597 0.996711 0.991167 1.008998 0.993880 
0.649030 1.298059 1.215315 1.035193 0.989651 1.018774 0.996154 0.991407 1.009157 0.993530 
0.657481 1.314962 1.201621 1.035594 0.989933 1.018907 0.995608 0.991672 1.009286 0.993202 
0.665732 1.331464 1.187409 1.035934 0.990235 1.018996 0.995075 0.991960 1.009386 0.992899 
0.673765 1.347530 1.172720 1.036213 0.990555 1.019044 0.994555 0.992270 1.009457 0.992621 
0.681566 1.363132 1.157601 1.036431 0.990891 1.019050 0.994053 0.992598 1.009499 0.992368 
0.689122 1.378244 1.142093 1.036591 0.991241 1.019016 0.993567 0.992943 1.009514 0.992140 
0.696421 1.392842 1.126242 1.036692 0.991603 1.018943 0.993101 0.993304 1.009501 0.991939 
0.703454 1.406907 1.110090 1.036738 0.991977 1.018833 0.992654 0.993678 1.009463 0.991764 
0.710213 1.420425 1.093677 1.036730 0.992361 1.018687 0.992229 0.994063 1.009400 0.991615 
0.716692 1.433383 1.077046 1.036669 0.992753 1.018508 0.991825 0.994458 1.009313 0.991492 
0.722886 1.445773 1.060233 1.036558 0.993152 1.018296 0.991443 0.994861 1.009203 0.991394 
0.728793 1.457587 1.043277 1.036398 0.993556 1.018054 0.991084 0.995270 1.009071 0.991321 
0.734411 1.468822 1.026213 1.036192 0.993965 1.017783 0.990748 0.995684 1.008919 0.991272 
0.739739 1.479479 1.009073 1.035941 0.994376 1.017485 0.990436 0.996101 1.008748 0.991247 
0.744778 1.489557 0.991888 1.035649 0.994790 1.017162 0.990146 0.996519 1.008560 0.991244 
0.749530 1.499061 0.974688 1.035317 0.995204 1.016816 0.989880 0.996938 1.008354 0.991264 
0.753998 1.507995 0.957500 1.034947 0.995618 1.016448 0.989638 0.997356 1.008134 0.991304 
0.758183 1.516367 0.940348 1.034542 0.996031 1.016061 0.989418 0.997773 1.007899 0.991365 
0.762092 1.524184 0.923256 1.034103 0.996442 1.015654 0.989220 0.998186 1.007652 0.991445 
0.765728 1.531457 0.906243 1.033633 0.996850 1.015232 0.989045 0.998595 1.007393 0.991544 
0.769097 1.538194 0.889329 1.033133 0.997255 1.014793 0.988892 0.998999 1.007123 0.991659 
0.772204 1.544408 0.872530 1.032605 0.997656 1.014341 0.988760 0.999398 1.006843 0.991792 
0.775055 1.550109 0.855863 1.032052 0.998053 1.013877 0.988649 0.999790 1.006555 0.991939 
0.777656 1.555311 0.839340 1.031474 0.998445 1.013401 0.988558 1.000175 1.006260 0.992101 
0.780013 1.560026 0.822974 1.030875 0.998831 1.012916 0.988487 1.000553 1.005958 0.992277 
0.782133 1.564266 0.806774 1.030254 0.999212 1.012421 0.988436 1.000923 1.005650 0.992466 
0.784022 1.568044 0.790751 1.029614 0.999586 1.011919 0.988403 1.001285 1.005337 0.992666 
0.785687 1.571375 0.774911 1.028956 0.999954 1.011410 0.988388 1.001637 1.005021 0.992878 
0.787134 1.574269 0.759262 1.028281 1.000316 1.010895 0.988390 1.001981 1.004701 0.993099 
0.788370 1.576740 0.743809 1.027592 1.000671 1.010376 0.988409 1.002315 1.004378 0.993331 
0.789400 1.578801 0.728557 1.026887 1.001018 1.009852 0.988445 1.002640 1.004053 0.993570 
0.790232 1.580464 0.713508 1.026170 1.001359 1.009325 0.988496 1.002955 1.003727 0.993818 
0.790870 1.581740 0.698667 1.025441 1.001692 1.008796 0.988562 1.003260 1.003401 0.994073 
0.791321 1.582641 0.684034 1.024701 1.002018 1.008264 0.988643 1.003555 1.003073 0.994334 
0.791590 1.583180 0.669612 1.023950 1.002337 1.007731 0.988738 1.003840 1.002747 0.994602 
0.791682 1.583365 0.655401 1.023190 1.002648 1.007198 0.988846 1.004115 1.002420 0.994875 
0.791604 1.583208 0.641401 1.022421 1.002952 1.006664 0.988968 1.004380 1.002095 0.995152 
0.791359 1.582719 0.627613 1.021644 1.003248 1.006130 0.989101 1.004635 1.001771 0.995434 
0.790953 1.581907 0.614035 1.020859 1.003538 1.005597 0.989247 1.004879 1.001449 0.995720 
0.790390 1.580781 0.600666 1.020068 1.003819 1.005065 0.989404 1.005114 1.001130 0.996009 
0.789675 1.579349 0.587506 1.019271 1.004094 1.004534 0.989573 1.005338 1.000812 0.996301 
0.788810 1.577621 0.574554 1.018467 1.004361 1.004005 0.989752 1.005552 1.000498 0.996595 
0.787801 1.575603 0.561806 1.017659 1.004620 1.003477 0.989941 1.005756 1.000186 0.996892 
0.786651 1.573302 0.549261 1.016845 1.004873 1.002952 0.990140 1.005951 0.999878 0.997190 
0.785363 1.570726 0.536918 1.016026 1.005119 1.002430 0.990349 1.006135 0.999572 0.997489 
0.783940 1.567881 0.524775 1.015204 1.005357 1.001910 0.990567 1.006310 0.999271 0.997789 
0.782386 1.564772 0.512829 1.014377 1.005589 1.001392 0.990793 1.006475 0.998973 0.998090 
0.780703 1.561405 0.501077 1.013546 1.005813 1.000878 0.991029 1.006631 0.998680 0.998391 
0.778893 1.557785 0.489519 1.012712 1.006031 1.000367 0.991272 1.006777 0.998390 0.998692 
0.776959 1.553917 0.478152 1.011874 1.006242 0.999859 0.991523 1.006914 0.998105 0.998993 
0.774903 1.549805 0.466973 1.011033 1.006446 0.999355 0.991782 1.007041 0.997824 0.999294 
0.772726 1.545453 0.455982 1.010189 1.006644 0.998854 0.992048 1.007159 0.997547 0.999594 
0.770432 1.540864 0.445175 1.009342 1.006835 0.998357 0.992322 1.007269 0.997276 0.999892 
0.768021 1.536042 0.434551 1.008492 1.007020 0.997864 0.992602 1.007369 0.997008 1.000190 
0.765495 1.530990 0.424109 1.007640 1.007198 0.997374 0.992889 1.007460 0.996746 1.000486 
0.762855 1.525710 0.413847 1.006785 1.007371 0.996889 0.993183 1.007542 0.996489 1.000781 
0.760102 1.520205 0.403762 1.005927 1.007536 0.996407 0.993482 1.007616 0.996236 1.001074 
0.757238 1.514476 0.393855 1.005067 1.007696 0.995930 0.993788 1.007681 0.995989 1.001365 
0.754263 1.508526 0.384124 1.004205 1.007849 0.995456 0.994099 1.007738 0.995747 1.001653 
0.751178 1.502356 0.374568 1.003340 1.007997 0.994987 0.994417 1.007785 0.995510 1.001940 
0.747984 1.495967 0.365186 1.002473 1.008138 0.994522 0.994739 1.007825 0.995279 1.002224 
0.744681 1.489362 0.355978 1.001604 1.008273 0.994062 0.995067 1.007856 0.995052 1.002505 
0.741270 1.482539 0.346943 1.000732 1.008403 0.993606 0.995400 1.007879 0.994832 1.002783 
0.737751 1.475501 0.338080 0.999859 1.008526 0.993154 0.995739 1.007894 0.994617 1.003059 
0.734124 1.468248 0.329391 0.998983 1.008644 0.992707 0.996081 1.007900 0.994407 1.003331 
0.730390 1.460781 0.320874 0.998105 1.008755 0.992264 0.996429 1.007899 0.994203 1.003601 
0.726550 1.453099 0.312530 0.997225 1.008861 0.991826 0.996781 1.007889 0.994005 1.003866 
0.722602 1.445204 0.304360 0.996343 1.008961 0.991393 0.997138 1.007871 0.993812 1.004129 
0.718547 1.437095 0.296365 0.995459 1.009056 0.990965 0.997499 1.007846 0.993626 1.004387 
0.714386 1.428772 0.288545 0.994574 1.009144 0.990542 0.997863 1.007813 0.993445 1.004642 
0.710117 1.420235 0.280901 0.993686 1.009227 0.990123 0.998232 1.007772 0.993271 1.004893 
0.705742 1.411484 0.273435 0.992797 1.009305 0.989710 0.998605 1.007723 0.993102 1.005139 
0.701260 1.402519 0.266148 0.991905 1.009376 0.989301 0.998981 1.007666 0.992940 1.005382 
0.696670 1.393341 0.259041 0.991013 1.009442 0.988898 0.999361 1.007602 0.992783 1.005620 
0.691974 1.383948 0.252117 0.990118 1.009502 0.988500 0.999744 1.007531 0.992633 1.005853 
0.687170 1.374340 0.245378 0.989222 1.009557 0.988108 1.000130 1.007452 0.992489 1.006082 
0.682259 1.364518 0.238825 0.988325 1.009606 0.987721 1.000519 1.007365 0.992352 1.006306 
0.677240 1.354481 0.232461 0.987427 1.009649 0.987339 1.000912 1.007271 0.992221 1.006525 
0.672115 1.344229 0.226288 0.986527 1.009686 0.986964 1.001306 1.007170 0.992096 1.006739 
0.666881 1.333763 0.220310 0.985626 1.009718 0.986594 1.001704 1.007062 0.991978 1.006948 
0.661541 1.323081 0.214528 0.984724 1.009745 0.986230 1.002104 1.006946 0.991867 1.007152 
0.656092 1.312185 0.208945 0.983822 1.009765 0.985872 1.002506 1.006823 0.991762 1.007350 
0.650537 1.301074 0.203566 0.982918 1.009780 0.985520 1.002910 1.006693 0.991664 1.007542 
0.644874 1.289748 0.198392 0.982015 1.009790 0.985174 1.003316 1.006557 0.991573 1.007729 
0.639104 1.278209 0.193427 0.981111 1.009793 0.984834 1.003724 1.006413 0.991488 1.007910 
0.633228 1.266456 0.188675 0.980207 1.009792 0.984502 1.004133 1.006262 0.991411 1.008085 
0.627245 1.254490 0.184139 0.979303 1.009784 0.984175 1.004543 1.006105 0.991340 1.008254 
0.621156 1.242313 0.179822 0.978399 1.009771 0.983856 1.004955 1.005941 0.991276 1.008417 
0.614962 1.229924 0.175728 0.977495 1.009752 0.983543 1.005368 1.005771 0.991219 1.008574 
0.608662 1.217324 0.171860 0.976593 1.009728 0.983237 1.005781 1.005594 0.991170 1.008724 
0.602258 1.204516 0.168223 0.975691 1.009698 0.982938 1.006195 1.005411 0.991127 1.008867 
0.595750 1.191501 0.164820 0.974791 1.009662 0.982647 1.006609 1.005221 0.991091 1.009004 
0.589140 1.178279 0.161655 0.973891 1.009621 0.982363 1.007024 1.005025 0.991063 1.009134 
0.582427 1.164854 0.158732 0.972994 1.009574 0.982086 1.007438 1.004824 0.991042 1.009258 
0.575613 1.151226 0.156054 0.972099 1.009522 0.981817 1.007852 1.004616 0.991027 1.009374 
0.568699 1.137398 0.153626 0.971205 1.009464 0.981556 1.008265 1.004403 0.991020 1.009483 
0.561686 1.123372 0.151450 0.970315 1.009401 0.981302 1.008678 1.004184 0.991020 1.009586 
0.554576 1.109152 0.149532 0.969427 1.009332 0.981057 1.009089 1.003959 0.991028 1.009681 
0.547369 1.094739 0.147874 0.968542 1.009258 0.980820 1.009500 1.003729 0.991042 1.009768 
0.540068 1.080136 0.146480 0.967661 1.009178 0.980591 1.009909 1.003494 0.991064 1.009849 
0.532674 1.065348 0.145353 0.966783 1.009092 0.980370 1.010316 1.003253 0.991093 1.009922 
0.525188 1.050377 0.144498 0.965910 1.009002 0.980158 1.010721 1.003008 0.991129 1.009987 
0.517613 1.035227 0.143918 0.965041 1.008906 0.979954 1.011125 1.002758 0.991172 1.010045 
0.509951 1.019901 0.143615 0.964177 1.008805 0.979759 1.011525 1.002503 0.991222 1.010096 
0.502203 1.004405 0.143594 0.963318 1.008698 0.979573 1.011923 1.002244 0.991279 1.010139 
0.494371 0.988742 0.143856 0.962465 1.008587 0.979396 1.012319 1.001981 0.991344 1.010174 
0.486458 0.972916 0.144406 0.961617 1.008470 0.979228 1.012711 1.001714 0.991415 1.010201 
0.478467 0.956933 0.145246 0.960775 1.008348 0.979068 1.013099 1.001442 0.991493 1.010221 
0.470399 0.940798 0.146377 0.959941 1.008221 0.978918 1.013484 1.001167 0.991578 1.010233 
0.462257 0.924515 0.147804 0.959112 1.008089 0.978778 1.013866 1.000889 0.991669 1.010237 
0.454045 0.908090 0.149528 0.958292 1.007952 0.978646 1.014243 1.000607 0.991768 1.010234 
0.445764 0.891528 0.151551 0.957479 1.007811 0.978524 1.014616 1.000322 0.991873 1.010223 
0.437417 0.874835 0.153875 0.956674 1.007665 0.978412 1.014984 1.000034 0.991984 1.010204 
0.429009 0.858017 0.156502 0.955877 1.007514 0.978308 1.015347 0.999743 0.992102 1.010178 
0.420540 0.841081 0.159433 0.955089 1.007358 0.978215 1.015706 0.999450 0.992226 1.010144 
0.412016 0.824031 0.162669 0.954310 1.007198 0.978131 1.016059 0.999155 0.992357 1.010103 
0.403438 0.806876 0.166212 0.953540 1.007034 0.978056 1.016407 0.998857 0.992493 1.010054 
0.394810 0.789620 0.170063 0.952781 1.006865 0.977992 1.016749 0.998558 0.992636 1.009997 
0.386136 0.772272 0.174221 0.952031 1.006693 0.977936 1.017085 0.998257 0.992784 1.009933 
0.377419 0.754837 0.178687 0.951292 1.006516 0.977891 1.017415 0.997955 0.992938 1.009862 
0.368662 0.737323 0.183461 0.950564 1.006335 0.977855 1.017738 0.997651 0.993098 1.009784 
0.359869 0.719737 0.188543 0.949846 1.006151 0.977829 1.018055 0.997347 0.993263 1.009698 
0.351043 0.702086 0.193933 0.949141 1.005963 0.977812 1.018366 0.997042 0.993433 1.009605 
0.342188 0.684376 0.199630 0.948447 1.005771 0.977805 1.018670 0.996736 0.993609 1.009506 
0.333308 0.666616 0.205634 0.947765 1.005575 0.977808 1.018966 0.996430 0.993789 1.009399 
0.324406 0.648813 0.211942 0.947095 1.005377 0.977820 1.019255 0.996124 0.993975 1.009286 
0.315487 0.630973 0.218553 0.946438 1.005175 0.977841 1.019537 0.995818 0.994165 1.009166 
0.306553 0.613105 0.225467 0.945794 1.004970 0.977872 1.019812 0.995512 0.994359 1.009040 
0.297608 0.595216 0.232681 0.945164 1.004762 0.977912 1.020078 0.995207 0.994558 1.008907 
0.288657 0.577313 0.240192 0.944547 1.004551 0.977962 1.020337 0.994903 0.994761 1.008769 
0.279702 0.559405 0.248000 0.943943 1.004338 0.978021 1.020588 0.994600 0.994968 1.008624 
0.270749 0.541497 0.256100 0.943353 1.004122 0.978089 1.020831 0.994298 0.995179 1.008473 
0.261799 0.523599 0.264491 0.942778 1.003903 0.978166 1.021066 0.993998 0.995393 1.008317 
0.252858 0.505717 0.273168 0.942217 1.003683 0.978251 1.021292 0.993699 0.995611 1.008155 
0.243929 0.487858 0.282130 0.941671 1.003460 0.978346 1.021510 0.993402 0.995831 1.007987 
0.235015 0.470030 0.291372 0.941139 1.003235 0.978449 1.021720 0.993107 0.996055 1.007814 
0.226120 0.452241 0.300892 0.940622 1.003008 0.978561 1.021920 0.992815 0.996282 1.007637 
0.217248 0.434497 0.310684 0.940121 1.002779 0.978682 1.022113 0.992525 0.996512 1.007454 
0.208403 0.416805 0.320745 0.939634 1.002549 0.978810 1.022296 0.992237 0.996744 1.007266 
0.199587 0.399173 0.331071 0.939163 1.002318 0.978947 1.022471 0.991952 0.996978 1.007075 
0.190804 0.381607 0.341657 0.938708 1.002085 0.979092 1.022637 0.991670 0.997214 1.006878 
0.182057 0.364115 0.352499 0.938268 1.001851 0.979245 1.022794 0.991392 0.997453 1.006678 
0.173351 0.346702 0.363592 0.937844 1.001616 0.979405 1.022943 0.991117 0.997693 1.006473 
0.164688 0.329376 0.374931 0.937435 1.001380 0.979573 1.023082 0.990845 0.997934 1.006265 
0.156071 0.312143 0.386512 0.937043 1.001143 0.979748 1.023212 0.990576 0.998177 1.006053 
0.147504 0.295009 0.398329 0.936666 1.000906 0.979931 1.023334 0.990312 0.998421 1.005838 
0.138990 0.277980 0.410377 0.936306 1.000668 0.980121 1.023447 0.990051 0.998666 1.005620 
0.130531 0.261062 0.422650 0.935961 1.000430 0.980317 1.023550 0.989795 0.998912 1.005398 
0.122131 0.244261 0.435143 0.935633 1.000192 0.980521 1.023645 0.989543 0.999158 1.005174 
0.113792 0.227583 0.447851 0.935320 0.999953 0.980730 1.023731 0.989295 0.999405 1.004947 
0.105517 0.211033 0.460768 0.935023 0.999715 0.980947 1.023809 0.989051 0.999652 1.004718 
0.097309 0.194617 0.473888 0.934743 0.999476 0.981169 1.023877 0.988812 0.999899 1.004486 
0.089170 0.178339 0.487206 0.934478 0.999238 0.981397 1.023937 0.988578 1.000146 1.004253 
0.081102 0.162205 0.500715 0.934230 0.999000 0.981631 1.023988 0.988348 1.000393 1.004017 
0.073109 0.146219 0.514410 0.933997 0.998763 0.981871 1.024030 0.988123 1.000639 1.003780 
0.065193 0.130386 0.528285 0.933780 0.998527 0.982116 1.024064 0.987903 1.000885 1.003542 
0.057355 0.114710 0.542334 0.933579 0.998291 0.982367 1.024090 0.987688 1.001130 1.003302 
0.049598 0.099196 0.556551 0.933394 0.998056 0.982622 1.024107 0.987478 1.001374 1.003060 
0.041923 0.083847 0.570931 0.933224 0.997822 0.982882 1.024116 0.987274 1.001618 1.002818 
0.034334 0.068667 0.585466 0.933069 0.997589 0.983147 1.024116 0.987074 1.001860 1.002575 
0.026830 0.053661 0.600152 0.932930 0.997357 0.983416 1.024108 0.986880 1.002100 1.002332 
0.019415 0.038831 0.614982 0.932807 0.997126 0.983690 1.024093 0.986692 1.002340 1.002088 
0.012090 0.024181 0.629950 0.932698 0.996897 0.983968 1.024069 0.986508 1.002578 1.001844 
0.004857 0.009713 0.645051 0.932604 0.996669 0.984249 1.024038 0.986330 1.002814 1.001599 
-0.002284 -0.004569 0.660279 0.932526 0.996443 0.984535 1.023999 0.986158 1.003048 1.001355 
-0.009331 -0.018662 0.675627 0.932462 0.996218 0.984824 1.023952 0.985991 1.003280 1.001111 
-0.016282 -0.032564 0.691090 0.932412 0.995995 0.985116 1.023898 0.985829 1.003511 1.000867 
-0.023137 -0.046273 0.706663 0.932377 0.995774 0.985411 1.023836 0.985673 1.003739 1.000623 
-0.029893 -0.059787 0.722339 0.932357 0.995554 0.985710 1.023767 0.985523 1.003965 1.000381 
-0.036551 -0.073102 0.738113 0.932350 0.995337 0.986011 1.023691 0.985378 1.004188 1.000139 
-0.043109 -0.086219 0.753980 0.932357 0.995121 0.986315 1.023609 0.985238 1.004409 0.999898 
-0.049567 -0.099134 0.769933 0.932378 0.994908 0.986621 1.023519 0.985105 1.004628 0.999658 
-0.055923 -0.111847 0.785968 0.932413 0.994696 0.986930 1.023422 0.984977 1.004843 0.999419 
-0.062178 -0.124356 0.802080 0.932460 0.994487 0.987240 1.023319 0.984854 1.005057 0.999181 
-0.068330 -0.136659 0.818263 0.932521 0.994280 0.987553 1.023210 0.984737 1.005267 0.998945 
-0.074378 -0.148756 0.834511 0.932595 0.994075 0.987867 1.023094 0.984626 1.005474 0.998710 
-0.080323 -0.160647 0.850820 0.932682 0.993873 0.988184 1.022972 0.984520 1.005679 0.998477 
-0.086164 -0.172329 0.867186 0.932782 0.993673 0.988501 1.022843 0.984419 1.005880 0.998246 
-0.091901 -0.183802 0.883602 0.932893 0.993475 0.988820 1.022709 0.984324 1.006079 0.998016 
-0.097534 -0.195067 0.900064 0.933017 0.993280 0.989140 1.022570 0.984235 1.006274 0.997789 
-0.103061 -0.206122 0.916568 0.933153 0.993087 0.989461 1.022424 0.984151 1.006466 0.997563 
-0.108484 -0.216968 0.933109 0.933301 0.992897 0.989783 1.022273 0.984072 1.006655 0.997340 
-0.113802 -0.227604 0.949683 0.933460 0.992709 0.990106 1.022117 0.983998 1.006841 0.997119 
-0.119015 -0.238030 0.966284 0.933630 0.992524 0.990430 1.021955 0.983930 1.007023 0.996900 
-0.124123 -0.248247 0.982909 0.933812 0.992342 0.990754 1.021788 0.983868 1.007202 0.996683 
-0.129127 -0.258254 0.999554 0.934004 0.992162 0.991078 1.021617 0.983810 1.007377 0.996469 
-0.134026 -0.268052 1.016214 0.934208 0.991985 0.991402 1.021440 0.983758 1.007549 0.996258 
-0.138821 -0.277642 1.032887 0.934421 0.991811 0.991727 1.021259 0.983710 1.007717 0.996049 
-0.143511 -0.287023 1.049566 0.934646 0.991640 0.992052 1.021074 0.983668 1.007882 0.995842 
-0.148098 -0.296197 1.066250 0.934880 0.991471 0.992376 1.020884 0.983631 1.008044 0.995639 
-0.152582 -0.305164 1.082934 0.935124 0.991305 0.992701 1.020689 0.983599 1.008202 0.995438 
-0.156963 -0.313925 1.099615 0.935377 0.991142 0.993025 1.020491 0.983572 1.008356 0.995240 
-0.161240 -0.322481 1.116290 0.935641 0.990981 0.993348 1.020288 0.983549 1.008506 0.995045 
-0.165416 -0.330833 1.132954 0.935913 0.990824 0.993671 1.020082 0.983532 1.008654 0.994853 
-0.169491 -0.338981 1.149605 0.936195 0.990669 0.993993 1.019872 0.983519 1.008797 0.994663 
-0.173464 -0.346928 1.166240 0.936485 0.990517 0.994315 1.019658 0.983511 1.008937 0.994477 
-0.177337 -0.354673 1.182856 0.936784 0.990368 0.994636 1.019441 0.983507 1.009073 0.994294 
-0.181110 -0.362219 1.199449 0.937092 0.990222 0.994956 1.019220 0.983508 1.009206 0.994114 
-0.184783 -0.369566 1.216017 0.937407 0.990078 0.995274 1.018996 0.983514 1.009334 0.993937 
-0.188358 -0.376716 1.232558 0.937731 0.989938 0.995592 1.018769 0.983524 1.009460 0.993763 
-0.191835 -0.383671 1.249068 0.938063 0.989800 0.995909 1.018539 0.983538 1.009581 0.993592 
-0.195215 -0.390430 1.265545 0.938403 0.989665 0.996224 1.018306 0.983557 1.009699 0.993425 
-0.198499 -0.396997 1.281987 0.938750 0.989533 0.996538 1.018070 0.983579 1.009814 0.993261 
-0.201686 -0.403372 1.298391 0.939104 0.989403 0.996851 1.017832 0.983607 1.009925 0.993100 
-0.204779 -0.409557 1.314755 0.939465 0.989277 0.997162 1.017590 0.983638 1.010032 0.992942 
-0.207777 -0.415554 1.331076 0.939834 0.989153 0.997471 1.017347 0.983673 1.010135 0.992788 
-0.210682 -0.421364 1.347354 0.940209 0.989032 0.997779 1.017101 0.983712 1.010235 0.992636 
-0.213494 -0.426988 1.363585 0.940591 0.988914 0.998086 1.016853 0.983755 1.010332 0.992488 
-0.216215 -0.432429 1.379769 0.940980 0.988799 0.998391 1.016602 0.983802 1.010425 0.992344 
-0.218844 -0.437688 1.395902 0.941374 0.988686 0.998693 1.016350 0.983853 1.010514 0.992203 
-0.221383 -0.442767 1.411984 0.941775 0.988577 0.998995 1.016095 0.983907 1.010600 0.992065 
-0.223833 -0.447666 1.428012 0.942182 0.988470 0.999294 1.015839 0.983965 1.010682 0.991930 
-0.226195 -0.452389 1.443985 0.942595 0.988365 0.999591 1.015581 0.984027 1.010761 0.991799 
-0.228468 -0.456937 1.459902 0.943013 0.988264 0.999887 1.015321 0.984092 1.010836 0.991671 
-0.230655 -0.461311 1.475761 0.943437 0.988165 1.000180 1.015060 0.984160 1.010908 0.991546 
-0.232757 -0.465513 1.491561 0.943866 0.988069 1.000471 1.014797 0.984232 1.010977 0.991424 
-0.234773 -0.469545 1.507300 0.944300 0.987975 1.000761 1.014533 0.984307 1.011042 0.991306 
-0.236705 -0.473409 1.522978 0.944740 0.987884 1.001048 1.014267 0.984386 1.011104 0.991192 
-0.238553 -0.477107 1.538592 0.945184 0.987796 1.001333 1.014000 0.984468 1.011162 0.991080 
-0.240319 -0.480639 1.554142 0.945633 0.987710 1.001616 1.013732 0.984552 1.011218 0.990972 
-0.242004 -0.484008 1.569628 0.946087 0.987627 1.001897 1.013463 0.984640 1.011270 0.990867 
-0.243608 -0.487216 1.585047 0.946545 0.987547 1.002175 1.013193 0.984731 1.011318 0.990765 
-0.245132 -0.490264 1.600399 0.947008 0.987469 1.002451 1.012921 0.984825 1.011364 0.990667 
-0.246577 -0.493155 1.615684 0.947475 0.987394 1.002725 1.012649 0.984922 1.011406 0.990572 
-0.247944 -0.495889 1.630900 0.947946 0.987321 1.002997 1.012376 0.985021 1.011445 0.990480 
-0.249234 -0.498468 1.646046 0.948421 0.987250 1.003266 1.012103 0.985124 1.011481 0.990391 
-0.250448 -0.500895 1.661122 0.948901 0.987183 1.003533 1.011828 0.985229 1.011514 0.990306 
-0.251585 -0.503171 1.676128 0.949384 0.987117 1.003798 1.011553 0.985336 1.011544 0.990223 
-0.252648 -0.505297 1.691062 0.949870 0.987054 1.004060 1.011278 0.985447 1.011570 0.990144 
-0.253638 -0.507275 1.705925 0.950361 0.986994 1.004320 1.011002 0.985559 1.011594 0.990068 
-0.254554 -0.509107 1.720715 0.950854 0.986936 1.004577 1.010725 0.985675 1.011615 0.989995 
-0.255397 -0.510795 1.735432 0.951351 0.986880 1.004832 1.010448 0.985792 1.011633 0.989925 
-0.256170 -0.512340 1.750075 0.951852 0.986827 1.005084 1.010171 0.985912 1.011648 0.989859 
-0.256872 -0.513743 1.764645 0.952355 0.986776 1.005334 1.009894 0.986035 1.011660 0.989795 
-0.257503 -0.515007 1.779141 0.952862 0.986727 1.005582 1.009616 0.986160 1.011669 0.989734 
-0.258066 -0.516133 1.793563 0.953372 0.986681 1.005827 1.009338 0.986286 1.011675 0.989677 
-0.258561 -0.517121 1.807910 0.953884 0.986636 1.006070 1.009060 0.986416 1.011679 0.989622 
-0.258988 -0.517975 1.822182 0.954400 0.986595 1.006310 1.008782 0.986547 1.011680 0.989571 
-0.259348 -0.518696 1.836379 0.954918 0.986555 1.006548 1.008504 0.986680 1.011678 0.989522 
-0.259642 -0.519284 1.850500 0.955439 0.986517 1.006783 1.008226 0.986815 1.011673 0.989476 
-0.259871 -0.519741 1.864547 0.955962 0.986482 1.007015 1.007948 0.986953 1.011666 0.989433 
-0.260035 -0.520070 1.878517 0.956488 0.986449 1.007246 1.007670 0.987092 1.011656 0.989393 
-0.260135 -0.520270 1.892413 0.957016 0.986418 1.007473 1.007392 0.987233 1.011644 0.989356 
-0.260172 -0.520345 1.906232 0.957547 0.986389 1.007698 1.007115 0.987376 1.011629 0.989322 
-0.260147 -0.520294 1.919976 0.958080 0.986363 1.007921 1.006837 0.987520 1.011611 0.989291 
-0.260060 -0.520120 1.933644 0.958615 0.986338 1.008141 1.006560 0.987667 1.011591 0.989262 
-0.259912 -0.519823 1.947236 0.959153 0.986316 1.008359 1.006283 0.987815 1.011568 0.989236 
-0.259703 -0.519406 1.960752 0.959692 0.986295 1.008574 1.006007 0.987965 1.011543 0.989213 
-0.259434 -0.518868 1.974193 0.960233 0.986277 1.008787 1.005731 0.988116 1.011516 0.989193 
-0.259106 -0.518213 1.987558 0.960777 0.986260 1.008997 1.005455 0.988269 1.011486 0.989175 
-0.258720 -0.517440 2.000848 0.961322 0.986246 1.009204 1.005180 0.988424 1.011454 0.989160 
-0.258276 -0.516551 2.014062 0.961869 0.986234 1.009410 1.004905 0.988580 1.011420 0.989147 
-0.257774 -0.515548 2.027201 0.962418 0.986223 1.009612 1.004631 0.988738 1.011383 0.989138 
-0.257215 -0.514431 2.040265 0.962969 0.986214 1.009812 1.004357 0.988897 1.011344 0.989130 
-0.256601 -0.513202 2.053254 0.963521 0.986208 1.010010 1.004084 0.989057 1.011302 0.989126 
-0.255930 -0.511861 2.066167 0.964076 0.986203 1.010205 1.003811 0.989219 1.011259 0.989124 
-0.255205 -0.510410 2.079007 0.964631 0.986200 1.010398 1.003539 0.989382 1.011213 0.989124 
-0.254425 -0.508850 2.091771 0.965188 0.986199 1.010588 1.003267 0.989547 1.011165 0.989127 
-0.253591 -0.507182 2.104462 0.965747 0.986200 1.010776 1.002996 0.989712 1.011115 0.989132 
-0.252703 -0.505407 2.117078 0.966307 0.986203 1.010962 1.002726 0.989879 1.011063 0.989140 
-0.251763 -0.503526 2.129621 0.966869 0.986207 1.011145 1.002457 0.990047 1.011009 0.989151 
-0.250770 -0.501540 2.142089 0.967432 0.986213 1.011325 1.002188 0.990217 1.010953 0.989163 
-0.249725 -0.499450 2.154485 0.967996 0.986221 1.011503 1.001920 0.990387 1.010895 0.989178 
-0.248628 -0.497256 2.166807 0.968562 0.986231 1.011679 1.001653 0.990559 1.010835 0.989196 
-0.247481 -0.494961 2.179056 0.969129 0.986243 1.011852 1.001386 0.990731 1.010772 0.989215 
-0.246282 -0.492564 2.191233 0.969697 0.986256 1.012023 1.001120 0.990905 1.010708 0.989237 
-0.245034 -0.490067 2.203337 0.970267 0.986271 1.012191 1.000855 0.991080 1.010642 0.989262 
-0.243735 -0.487471 2.215369 0.970837 0.986288 1.012357 1.000591 0.991255 1.010574 0.989288 
-0.242388 -0.484776 2.227329 0.971409 0.986306 1.012521 1.000328 0.991432 1.010505 0.989317 
-0.240991 -0.481982 2.239217 0.971982 0.986326 1.012682 1.000065 0.991609 1.010433 0.989348 
-0.239546 -0.479092 2.251034 0.972556 0.986348 1.012841 0.999804 0.991788 1.010359 0.989381 
-0.238053 -0.476105 2.262780 0.973131 0.986371 1.012998 0.999543 0.991967 1.010284 0.989417 
-0.236512 -0.473023 2.274455 0.973707 0.986396 1.013152 0.999283 0.992147 1.010207 0.989454 
-0.234923 -0.469846 2.286060 0.974284 0.986423 1.013304 0.999025 0.992328 1.010128 0.989494 
-0.233287 -0.466575 2.297594 0.974862 0.986451 1.013453 0.998767 0.992510 1.010048 0.989536 
-0.231605 -0.463210 2.309058 0.975441 0.986481 1.013601 0.998510 0.992693 1.009966 0.989580 
-0.229876 -0.459753 2.320452 0.976021 0.986512 1.013746 0.998254 0.992876 1.009882 0.989626 
-0.228102 -0.456203 2.331777 0.976602 0.986545 1.013888 0.997999 0.993061 1.009796 0.989674 
-0.226281 -0.452562 2.343033 0.977184 0.986579 1.014029 0.997744 0.993245 1.009709 0.989723 
-0.224415 -0.448830 2.354220 0.977767 0.986615 1.014167 0.997491 0.993431 1.009620 0.989775 
-0.222504 -0.445007 2.365338 0.978350 0.986652 1.014302 0.997239 0.993617 1.009530 0.989829 
-0.220547 -0.441095 2.376388 0.978935 0.986691 1.014436 0.996988 0.993804 1.009438 0.989885 
-0.218547 -0.437094 2.387370 0.979520 0.986732 1.014567 0.996738 0.993992 1.009344 0.989943 
-0.216502 -0.433003 2.398284 0.980106 0.986774 1.014696 0.996489 0.994180 1.009249 0.990003 
-0.214413 -0.428825 2.409130 0.980693 0.986817 1.014823 0.996241 0.994369 1.009152 0.990065 
-0.212280 -0.424559 2.419909 0.981281 0.986862 1.014947 0.995994 0.994558 1.009054 0.990128 
-0.210103 -0.420206 2.430621 0.981870 0.986908 1.015070 0.995748 0.994748 1.008955 0.990194 
-0.207883 -0.415766 2.441266 0.982459 0.986956 1.015190 0.995503 0.994938 1.008854 0.990261 
-0.205620 -0.411240 2.451844 0.983049 0.987005 1.015308 0.995260 0.995129 1.008751 0.990330 
-0.203314 -0.406628 2.462356 0.983640 0.987056 1.015423 0.995017 0.995321 1.008647 0.990401 
-0.200965 -0.401930 2.472801 0.984231 0.987108 1.015537 0.994775 0.995513 1.008542 0.990473 
-0.198574 -0.397148 2.483181 0.984824 0.987162 1.015648 0.994535 0.995705 1.008435 0.990548 
-0.196140 -0.392281 2.493495 0.985417 0.987216 1.015757 0.994295 0.995898 1.008327 0.990624 
-0.193665 -0.387329 2.503743 0.986010 0.987273 1.015864 0.994057 0.996091 1.008218 0.990702 
-0.191147 -0.382294 2.513927 0.986605 0.987330 1.015969 0.993820 0.996285 1.008107 0.990781 
-0.188587 -0.377175 2.524045 0.987200 0.987389 1.016071 0.993584 0.996479 1.007995 0.990863 
-0.185986 -0.371972 2.534098 0.987796 0.987449 1.016172 0.993349 0.996673 1.007881 0.990946 
-0.183344 -0.366687 2.544086 0.988392 0.987511 1.016270 0.993116 0.996868 1.007767 0.991030 
-0.180660 -0.361319 2.554010 0.988989 0.987574 1.016366 0.992883 0.997064 1.007651 0.991117 
-0.177934 -0.355869 2.563869 0.989587 0.987638 1.016460 0.992652 0.997259 1.007533 0.991204 
-0.175168 -0.350336 2.573664 0.990186 0.987704 1.016552 0.992421 0.997455 1.007415 0.991294 
-0.172361 -0.344722 2.583395 0.990785 0.987771 1.016642 0.992192 0.997651 1.007295 0.991385 
-0.169513 -0.339026 2.593062 0.991385 0.987839 1.016730 0.991964 0.997848 1.007174 0.991478 
-0.166624 -0.333249 2.602665 0.991985 0.987909 1.016816 0.991738 0.998044 1.007052 0.991572 
-0.163695 -0.327390 2.612204 0.992586 0.987980 1.016899 0.991512 0.998241 1.006929 0.991668 
-0.160725 -0.321451 2.621680 0.993188 0.988052 1.016981 0.991288 0.998439 1.006805 0.991765 
-0.157715 -0.315430 2.631092 0.993790 0.988125 1.017060 0.991065 0.998636 1.006679 0.991864 
-0.154665 -0.309329 2.640441 0.994393 0.988200 1.017137 0.990843 0.998834 1.006553 0.991964 
-0.151574 -0.303148 2.649727 0.994996 0.988276 1.017213 0.990622 0.999032 1.006425 0.992066 
-0.148443 -0.296886 2.658949 0.995600 0.988353 1.017286 0.990403 0.999230 1.006296 0.992169 
-0.145272 -0.290545 2.668108 0.996205 0.988432 1.017357 0.990184 0.999428 1.006166 0.992274 
-0.142061 -0.284123 2.677205 0.996810 0.988511 1.017426 0.989967 0.999627 1.006035 0.992380 
-0.138811 -0.277621 2.686238 0.997416 0.988592 1.017493 0.989752 0.999825 1.005903 0.992488 
-0.135520 -0.271040 2.695208 0.998023 0.988674 1.017558 0.989537 1.000024 1.005770 0.992597 
-0.132190 -0.264379 2.704116 0.998630 0.988758 1.017621 0.989324 1.000223 1.005635 0.992707 
-0.128819 -0.257639 2.712960 0.999237 0.988842 1.017682 0.989112 1.000422 1.005500 0.992819 
-0.125409 -0.250819 2.721742 0.999846 0.988928 1.017741 0.988901 1.000621 1.005364 0.992932 
-0.121960 -0.243920 2.730461 1.000454 0.989015 1.017798 0.988691 1.000821 1.005227 0.993046 
-0.118471 -0.236941 2.739117 1.001064 0.989104 1.017853 0.988483 1.001020 1.005089 0.993162 
-0.114942 -0.229884 2.747710 1.001674 0.989193 1.017905 0.988276 1.001219 1.004950 0.993279 
-0.111374 -0.222747 2.756240 1.002284 0.989284 1.017956 0.988070 1.001419 1.004810 0.993397 
-0.107766 -0.215532 2.764707 1.002895 0.989376 1.018005 0.987866 1.001618 1.004669 0.993517 
-0.104118 -0.208237 2.773111 1.003507 0.989469 1.018052 0.987663 1.001818 1.004527 0.993638 
-0.100432 -0.200863 2.781453 1.004119 0.989563 1.018097 0.987461 1.002017 1.004384 0.993760 
-0.096705 -0.193411 2.789731 1.004732 0.989658 1.018140 0.987261 1.002217 1.004240 0.993883 
-0.092940 -0.185880 2.797946 1.005345 0.989755 1.018181 0.987061 1.002416 1.004096 0.994008 
-0.089135 -0.178269 2.806098 1.005958 0.989853 1.018220 0.986864 1.002616 1.003950 0.994134 
-0.085290 -0.170580 2.814186 1.006573 0.989951 1.018257 0.986667 1.002815 1.003804 0.994261 
-0.081406 -0.162812 2.822212 1.007188 0.990051 1.018292 0.986472 1.003015 1.003657 0.994389 
-0.077483 -0.154966 2.830173 1.007803 0.990153 1.018325 0.986278 1.003214 1.003509 0.994518 
-0.073520 -0.147040 2.838072 1.008419 0.990255 1.018356 0.986085 1.003413 1.003360 0.994649 
-0.069518 -0.139036 2.845906 1.009035 0.990358 1.018385 0.985894 1.003613 1.003211 0.994780 
-0.065477 -0.130953 2.853677 1.009652 0.990463 1.018412 0.985704 1.003812 1.003060 0.994913 
-0.061396 -0.122791 2.861383 1.010269 0.990569 1.018437 0.985516 1.004011 1.002909 0.995047 
-0.057275 -0.114551 2.869025 1.010887 0.990676 1.018460 0.985329 1.004210 1.002757 0.995182 
-0.053116 -0.106231 2.876603 1.011506 0.990784 1.018481 0.985143 1.004408 1.002605 0.995318 
-0.048917 -0.097833 2.884117 1.012124 0.990893 1.018501 0.984959 1.004607 1.002451 0.995456 
-0.044678 -0.089356 2.891566 1.012744 0.991003 1.018518 0.984776 1.004806 1.002297 0.995594 
-0.040400 -0.080800 2.898950 1.013363 0.991114 1.018534 0.984594 1.005004 1.002142 0.995733 
-0.036083 -0.072165 2.906269 1.013984 0.991227 1.018547 0.984414 1.005202 1.001987 0.995873 
-0.031726 -0.063451 2.913522 1.014604 0.991340 1.018559 0.984235 1.005400 1.001830 0.996015 
-0.027329 -0.054659 2.920710 1.015226 0.991455 1.018568 0.984058 1.005598 1.001674 0.996157 
-0.022894 -0.045787 2.927833 1.015847 0.991571 1.018576 0.983882 1.005795 1.001516 0.996300 
-0.018418 -0.036836 2.934889 1.016469 0.991687 1.018582 0.983707 1.005993 1.001358 0.996445 
-0.013903 -0.027807 2.941879 1.017092 0.991805 1.018585 0.983534 1.006190 1.001199 0.996590 
-0.009349 -0.018698 2.948803 1.017715 0.991924 1.018587 0.983363 1.006387 1.001040 0.996736 
-0.004755 -0.009510 2.955659 1.018338 0.992044 1.018587 0.983192 1.006583 1.000880 0.996883 
-0.000122 -0.000243 2.962449 1.018962 0.992166 1.018585 0.983024 1.006780 1.000719 0.997031 
0.004551 0.009103 2.969172 1.019586 0.992288 1.018581 0.982856 1.006976 1.000558 0.997180 
0.009264 0.018528 2.975827 1.020210 0.992411 1.018576 0.982690 1.007171 1.000396 0.997330 
0.014016 0.028032 2.982414 1.020835 0.992535 1.018568 0.982526 1.007367 1.000234 0.997480 
0.018808 0.037616 2.988932 1.021461 0.992661 1.018558 0.982363 1.007562 1.000071 0.997632 
0.023639 0.047278 2.995383 1.022086 0.992787 1.018547 0.982202 1.007757 0.999907 0.997784 
0.028510 0.057020 3.001764 1.022712 0.992915 1.018533 0.982042 1.007951 0.999743 0.997938 
0.033421 0.066842 3.008076 1.023339 0.993043 1.018518 0.981884 1.008145 0.999579 0.998092 
0.038371 0.076742 3.014319 1.023965 0.993173 1.018501 0.981727 1.008339 0.999414 0.998246 
0.043361 0.086722 3.020492 1.024592 0.993303 1.018482 0.981571 1.008532 0.999249 0.998402 
0.048391 0.096782 3.026594 1.025220 0.993435 1.018461 0.981418 1.008725 0.999083 0.998558 
0.053460 0.106920 3.032626 1.025847 0.993567 1.018438 0.981265 1.008918 0.998916 0.998715 
0.058569 0.117138 3.038587 1.026475 0.993701 1.018413 0.981115 1.009110 0.998750 0.998873 
0.063718 0.127436 3.044477 1.027103 0.993836 1.018386 0.980965 1.009301 0.998582 0.999032 
0.068906 0.137812 3.050295 1.027732 0.993971 1.018358 0.980818 1.009492 0.998415 0.999191 
0.074134 0.148268 3.056041 1.028360 0.994108 1.018327 0.980672 1.009683 0.998247 0.999351 
0.079402 0.158804 3.061714 1.028989 0.994246 1.018295 0.980527 1.009873 0.998079 0.999512 
0.084709 0.169419 3.067314 1.029618 0.994384 1.018261 0.980384 1.010063 0.997910 0.999673 
0.090056 0.180113 3.072841 1.030248 0.994524 1.018225 0.980243 1.010252 0.997741 0.999835 
0.095443 0.190886 3.078294 1.030877 0.994665 1.018187 0.980103 1.010441 0.997571 0.999998 
0.100869 0.201739 3.083673 1.031507 0.994806 1.018147 0.979965 1.010629 0.997402 1.000161 
0.106335 0.212671 3.088978 1.032137 0.994949 1.018105 0.979829 1.010817 0.997232 1.000325 
0.111841 0.223682 3.094207 1.032767 0.995092 1.018061 0.979694 1.011004 0.997061 1.000489 
0.117386 0.234773 3.099361 1.033397 0.995237 1.018016 0.979560 1.011191 0.996891 1.000654 
0.122971 0.245942 3.104438 1.034027 0.995382 1.017968 0.979429 1.011377 0.996720 1.000820 
0.128595 0.257191 3.109440 1.034658 0.995529 1.017919 0.979299 1.011562 0.996549 1.000986 
0.134259 0.268519 3.114364 1.035288 0.995676 1.017868 0.979171 1.011747 0.996377 1.001152 
0.139963 0.279925 3.119211 1.035918 0.995824 1.017815 0.979044 1.011931 0.996206 1.001319 
0.145706 0.291411 3.123980 1.036549 0.995974 1.017760 0.978919 1.012114 0.996034 1.001487 
0.151488 0.302976 3.128671 1.037179 0.996124 1.017704 0.978795 1.012297 0.995862 1.001655 
0.157309 0.314619 3.133283 1.037810 0.996275 1.017645 0.978674 1.012479 0.995690 1.001823 
0.163170 0.326341 3.137816 1.038441 0.996427 1.017585 0.978554 1.012661 0.995518 1.001992 
0.169071 0.338141 3.142269 1.039071 0.996580 1.017523 0.978436 1.012842 0.995345 1.002162 
0.175010 0.350021 3.146642 1.039701 0.996733 1.017459 0.978319 1.013022 0.995173 1.002331 
0.180989 0.361978 3.150934 1.040332 0.996888 1.017393 0.978204 1.013201 0.995000 1.002502 
0.187007 0.374014 3.155145 1.040962 0.997044 1.017325 0.978091 1.013380 0.994827 1.002672 
0.193064 0.386127 3.159274 1.041592 0.997200 1.017255 0.977980 1.013558 0.994654 1.002843 
0.199160 0.398319 3.163321 1.042222 0.997357 1.017184 0.977870 1.013735 0.994481 1.003014 
0.205294 0.410589 3.167285 1.042852 0.997515 1.017111 0.977762 1.013911 0.994308 1.003186 
0.211468 0.422936 3.171166 1.043482 0.997674 1.017036 0.977656 1.014087 0.994135 1.003357 
0.217680 0.435361 3.174963 1.044111 0.997834 1.016959 0.977552 1.014261 0.993962 1.003530 
0.223932 0.447863 3.178675 1.044741 0.997995 1.016880 0.977449 1.014435 0.993789 1.003702 
0.230221 0.460443 3.182303 1.045370 0.998157 1.016800 0.977348 1.014608 0.993616 1.003875 
0.236549 0.473099 3.185845 1.045998 0.998319 1.016718 0.977249 1.014781 0.993443 1.004047 
0.242916 0.485832 3.189302 1.046627 0.998482 1.016634 0.977152 1.014952 0.993270 1.004220 
0.249321 0.498642 3.192672 1.047255 0.998646 1.016548 0.977056 1.015122 0.993097 1.004394 
0.255764 0.511528 3.195955 1.047883 0.998811 1.016460 0.976963 1.015292 0.992924 1.004567 
0.262245 0.524491 3.199151 1.048510 0.998977 1.016371 0.976871 1.015461 0.992751 1.004741 
0.268765 0.537529 3.202258 1.049137 0.999143 1.016280 0.976781 1.015629 0.992579 1.004914 
0.275322 0.550643 3.205278 1.049764 0.999310 1.016187 0.976692 1.015795 0.992406 1.005088 
0.281916 0.563833 3.208208 1.050390 0.999478 1.016092 0.976606 1.015961 0.992234 1.005262 
0.288549 0.577097 3.211048 1.051015 0.999647 1.015996 0.976521 1.016126 0.992061 1.005436 
0.295219 0.590437 3.213799 1.051640 0.999816 1.015897 0.976439 1.016290 0.991889 1.005610 
0.301926 0.603851 3.216458 1.052265 0.999987 1.015797 0.976358 1.016453 0.991717 1.005785 
0.308670 0.617340 3.219027 1.052889 1.000158 1.015696 0.976279 1.016615 0.991546 1.005959 
0.315451 0.630902 3.221504 1.053513 1.000329 1.015592 0.976202 1.016776 0.991374 1.006133 
0.322269 0.644539 3.223888 1.054135 1.000502 1.015487 0.976126 1.016936 0.991203 1.006307 
0.329124 0.658248 3.226180 1.054758 1.000675 1.015380 0.976053 1.017095 0.991032 1.006481 
0.336016 0.672031 3.228379 1.055379 1.000849 1.015272 0.975981 1.017253 0.990861 1.006656 
0.342943 0.685887 3.230484 1.056000 1.001023 1.015161 0.975912 1.017410 0.990691 1.006830 
